1604881581946000000,45.0
1604881581945000000,45.0
1604881581941000000,15.0
1604881581940000000,25.0
1604881581939000000,24.0
1604881581938000000,54.0
1604881581936000000,44.0
1604881581935000000,24.0
1604881581934000000,4.0
1604881581389000000,4.0
1604881581388000000,24.0
1604881581387000000,44.0
1604881581386000000,4.0
1604881581385000000,14.0
1604881581384000000,34.0
1604881581383000000,44.0
1604881581382000000,33.0
1604881581381000000,13.0
1604881581380000000,13.0
1604881581379000000,3.0
1604881581374000000,43.0
1604881581293000000,23.0
1604881581292000000,23.0
1604881581291000000,53.0
1604881581290000000,43.0
1604881581287000000,23.0
1604881581286000000,53.0
1604881581285000000,43.0
1604881581284000000,43.0
1604881581281000000,53.0
1604881581280000000,3.0
1604881581279000000,43.0
1604881581278000000,13.0
1604881581277000000,23.0
1604881581276000000,3.0
1604881581275000000,13.0
1604881581274000000,3.0
1604881581273000000,33.0
1604881581270000000,23.0
1604881581269000000,32.0
1604881581268000000,22.0
1604881581266000000,52.0
1604881581265000000,42.0
1604881581264000000,2.0
1604881581177000000,22.0
1604881581176000000,22.0
1604881581175000000,42.0
1604881581174000000,12.0
1604881581173000000,52.0
1604881581172000000,42.0
1604881581171000000,11.0
1604881580602000000,1.0
1604881580601000000,31.0
1604881580600000000,1.0
1604881580599000000,21.0
1604881580598000000,51.0
1604881580551000000,21.0
1604881580550000000,1.0
1604881580549000000,41.0
1604881580548000000,41.0
1604881580547000000,21.0
1604881580546000000,21.0
1604881580545000000,51.0
1604881580543000000,1.0
1604881580542000000,31.0
1604881580541000000,41.0
1604881580540000000,31.0
1604881580539000000,51.0
1604881580538000000,30.0
1604881580537000000,31.0
1604881580536000000,21.0
1604881580533000000,1.0
1604881580532000000,21.0
1604881580531000000,31.0
1604881580528000000,30.0
1604881580527000000,51.0
1604881580526000000,50.0
1604881580525000000,0.0
1604881580524000000,20.0
1604881580518000000,0.0
1604881580517000000,30.0
1604881580516000000,50.0
1604881580515000000,0.0
1604881580496000000,30.0
1604881580495000000,30.0
1604881580494000000,0.0
1604881580357000000,0.0
1604881580356000000,10.0
1604881580355000000,0.0
1604881580354000000,50.0
1604881580352000000,10.0
1604881580348000000,50.0
1604881580347000000,50.0
1604881580346000000,30.0
1604881580342000000,20.0
1604881580341000000,10.0
1604881580337000000,50.0
1604881580336000000,50.0
1604881580228000000,20.0
1604881579688000000,50.0
1604881579687000000,30.0
1604881579685000000,50.0
1604881579684000000,0.0
1604881579683000000,40.0
1604881579682000000,20.0
1604881579681000000,10.0
1604881579680000000,30.0
1604881579675000000,50.0
1604881579674000000,30.0
1604881579673000000,0.0
1604881579603000000,20.0
1604881579602000000,20.0
1604881579601000000,40.0
1604881579600000000,40.0
1604881579599000000,10.0
1604881579598000000,50.0
1604881579597000000,50.0
1604881579596000000,20.0
1604881579595000000,29.0
1604881579582000000,9.0
1604881579581000000,50.0
1604881579580000000,30.0
1604881579573000000,40.0
1604881579572000000,59.0
1604881579571000000,49.0
1604881579569000000,9.0
1604881579568000000,9.0
1604881579567000000,49.0
1604881579468000000,39.0
1604881579464000000,39.0
1604881579463000000,9.0
1604881579462000000,19.0
1604881579456000000,9.0
1604881579455000000,9.0
1604881579454000000,59.0
1604881579453000000,19.0
1604881579452000000,9.0
1604881579449000000,9.0
1604881579448000000,9.0
1604881578781000000,39.0
1604881578780000000,39.0
1604881578779000000,19.0
1604881578778000000,59.0
1604881578777000000,49.0
1604881578772000000,9.0
1604881578771000000,49.0
1604881578770000000,19.0
1604881578769000000,9.0
1604881578748000000,29.0
1604881578747000000,29.0
1604881578746000000,49.0
1604881578745000000,9.0
1604881578739000000,59.0
1604881578738000000,49.0
1604881578737000000,9.0
1604881578734000000,29.0
1604881578733000000,39.0
1604881578732000000,39.0
1604881578723000000,59.0
1604881578722000000,29.0
1604881578721000000,49.0
1604881578720000000,9.0
1604881578719000000,39.0
1604881578677000000,29.0
1604881578676000000,59.0
1604881578675000000,29.0
1604881578674000000,29.0
1604881578666000000,29.0
1604881578665000000,9.0
1604881578664000000,29.0
1604881578658000000,59.0
1604881578657000000,19.0
1604881578656000000,19.0
1604881578655000000,59.0
1604881578654000000,39.0
1604881578653000000,59.0
1604881578652000000,29.0
1604881578651000000,19.0
1604881578650000000,29.0
1604881578645000000,29.0
1604881578644000000,28.0
1604881578643000000,19.0
1604881578456000000,59.0
1604881578455000000,49.0
1604881578454000000,58.0
1604881578449000000,8.0
1604881578448000000,48.0
1604881578447000000,19.0
1604881578063000000,29.0
1604881578061000000,18.0
1604881578060000000,8.0
1604881578057000000,48.0
1604881578056000000,18.0
1604881578055000000,28.0
1604881578054000000,18.0
1604881578052000000,18.0
1604881578051000000,58.0
1604881578050000000,48.0
1604881578049000000,18.0
1604881578002000000,48.0
1604881578001000000,38.0
1604881577998000000,58.0
1604881577997000000,28.0
1604881577996000000,58.0
1604881577991000000,28.0
1604881577990000000,38.0
1604881577989000000,28.0
1604881577988000000,58.0
1604881577987000000,38.0
1604881577986000000,28.0
1604881577985000000,8.0
1604881577979000000,28.0
1604881577978000000,38.0
1604881577968000000,58.0
1604881577967000000,38.0
1604881577966000000,28.0
1604881577964000000,28.0
1604881577963000000,38.0
1604881577962000000,18.0
1604881577958000000,58.0
1604881577957000000,8.0
1604881577956000000,48.0
1604881577955000000,38.0
1604881577823000000,28.0
1604881577822000000,8.0
1604881577821000000,28.0
1604881577820000000,38.0
1604881577819000000,28.0
1604881577818000000,38.0
1604881577816000000,28.0
1604881577815000000,48.0
1604881577814000000,8.0
1604881577809000000,58.0
1604881577808000000,28.0
1604881577807000000,18.0
1604881577702000000,28.0
1604881577303000000,18.0
1604881577299000000,8.0
1604881577298000000,38.0
1604881577297000000,47.0
1604881577235000000,37.0
1604881577234000000,17.0
1604881577233000000,7.0
1604881577232000000,7.0
1604881577231000000,7.0
1604881577230000000,46.0
1604881577229000000,16.0
1604881577222000000,36.0
1604881577221000000,6.0
1604881577220000000,45.0
1604881577218000000,5.0
1604881577217000000,35.0
1604881577216000000,45.0
1604881577212000000,35.0
1604881577211000000,55.0
1604881577210000000,24.0
1604881577208000000,14.0
1604881577134000000,5.0
1604881577133000000,45.0
1604881577132000000,4.0
1604881577131000000,4.0
1604881577085000000,14.0
1604881577084000000,54.0
1604881577083000000,4.0
1604881577082000000,4.0
1604881577081000000,54.0
1604881577079000000,44.0
1604881577078000000,34.0
1604881577077000000,54.0
1604881577076000000,54.0
1604881577074000000,44.0
1604881577073000000,14.0
1604881577072000000,4.0
1604881577058000000,44.0
1604881577057000000,14.0
1604881577056000000,24.0
1604881577055000000,14.0
1604881577053000000,14.0
1604881577052000000,14.0
1604881577051000000,43.0
1604881577050000000,33.0
1604881577049000000,53.0
1604881577048000000,33.0
1604881577047000000,3.0
1604881576942000000,23.0
1604881576941000000,53.0
1604881576940000000,43.0
1604881576939000000,53.0
1604881576552000000,13.0
1604881576551000000,3.0
1604881576550000000,32.0
1604881576549000000,23.0
1604881576548000000,13.0
1604881576547000000,42.0
1604881576546000000,22.0
1604881576544000000,2.0
1604881576543000000,52.0
1604881576541000000,42.0
1604881576540000000,32.0
1604881576537000000,32.0
1604881576536000000,22.0
1604881576535000000,22.0
1604881576534000000,42.0
1604881576530000000,2.0
1604881576529000000,31.0
1604881576528000000,41.0
1604881576450000000,31.0
1604881576449000000,11.0
1604881576448000000,1.0
1604881576447000000,11.0
1604881576446000000,41.0
1604881576445000000,1.0
1604881576443000000,40.0
1604881576442000000,31.0
1604881576441000000,11.0
1604881576438000000,11.0
1604881576437000000,31.0
1604881576436000000,41.0
1604881576435000000,1.0
1604881576434000000,20.0
1604881576433000000,40.0
1604881576430000000,41.0
1604881576429000000,40.0
1604881576428000000,20.0
1604881576427000000,20.0
1604881576419000000,11.0
1604881576418000000,0.0
1604881576417000000,50.0
1604881576416000000,10.0
1604881576415000000,51.0
1604881576414000000,20.0
1604881576413000000,40.0
1604881576412000000,11.0
1604881576411000000,1.0
1604881576410000000,51.0
1604881576409000000,41.0
1604881576243000000,40.0
1604881576242000000,11.0
1604881576235000000,50.0
1604881576234000000,0.0
1604881576233000000,10.0
1604881576220000000,20.0
1604881576219000000,30.0
1604881576218000000,50.0
1604881576216000000,50.0
1604881576215000000,30.0
1604881575816000000,0.0
1604881575815000000,50.0
1604881575704000000,30.0
1604881575703000000,10.0
1604881575702000000,40.0
1604881575700000000,40.0
1604881575691000000,10.0
1604881575690000000,30.0
1604881575689000000,30.0
1604881575688000000,40.0
1604881575687000000,30.0
1604881575686000000,20.0
1604881575682000000,10.0
1604881575681000000,10.0
1604881575680000000,0.0
1604881575676000000,40.0
1604881575675000000,20.0
1604881575674000000,20.0
1604881575672000000,10.0
1604881575671000000,30.0
1604881575670000000,40.0
1604881575663000000,40.0
1604881575662000000,30.0
1604881575661000000,20.0
1604881575658000000,10.0
1604881575657000000,40.0
1604881575656000000,20.0
1604881575613000000,40.0
1604881575612000000,40.0
1604881575610000000,40.0
1604881575609000000,30.0
1604881575608000000,0.0
1604881575587000000,10.0
1604881575586000000,0.0
1604881575585000000,20.0
1604881575581000000,40.0
1604881575580000000,10.0
1604881575579000000,10.0
1604881575578000000,19.0
1604881575571000000,10.0
1604881575570000000,0.0
1604881575566000000,20.0
1604881575565000000,49.0
1604881575564000000,0.0
1604881575557000000,39.0
1604881575551000000,49.0
1604881575550000000,10.0
1604881575549000000,29.0
1604881575399000000,49.0
1604881575398000000,59.0
1604881575101000000,49.0
1604881575100000000,39.0
1604881575099000000,19.0
1604881575098000000,49.0
1604881575097000000,59.0
1604881575096000000,49.0
1604881575095000000,39.0
1604881575094000000,19.0
1604881575047000000,39.0
1604881575046000000,59.0
1604881575043000000,29.0
1604881575042000000,19.0
1604881575041000000,59.0
1604881575036000000,59.0
1604881575035000000,19.0
1604881575030000000,29.0
1604881575029000000,49.0
1604881574989000000,19.0
1604881574982000000,59.0
1604881574981000000,9.0
1604881574980000000,39.0
1604881574977000000,29.0
1604881574976000000,59.0
1604881574975000000,49.0
1604881574969000000,59.0
1604881574840000000,59.0
1604881574838000000,9.0
1604881574837000000,39.0
1604881574836000000,19.0
1604881574832000000,39.0
1604881574831000000,19.0
1604881574830000000,59.0
1604881574829000000,49.0
1604881574827000000,9.0
1604881574826000000,19.0
1604881574825000000,9.0
1604881574822000000,39.0
1604881574821000000,48.0
1604881574820000000,9.0
1604881574819000000,18.0
1604881574817000000,9.0
1604881574816000000,9.0
1604881574815000000,19.0
1604881574714000000,39.0
1604881574713000000,9.0
1604881574712000000,18.0
1604881574204000000,38.0
1604881574203000000,39.0
1604881574202000000,38.0
1604881574201000000,8.0
1604881574192000000,58.0
1604881574191000000,48.0
1604881574190000000,8.0
1604881574188000000,28.0
1604881574187000000,48.0
1604881574186000000,58.0
1604881574181000000,58.0
1604881574180000000,8.0
1604881574179000000,8.0
1604881574178000000,27.0
1604881574175000000,27.0
1604881574174000000,17.0
1604881574173000000,37.0
1604881574172000000,37.0
1604881574171000000,57.0
1604881574170000000,37.0
1604881574161000000,27.0
1604881574160000000,27.0
1604881574159000000,17.0
1604881574076000000,57.0
1604881574075000000,37.0
1604881574074000000,7.0
1604881574073000000,57.0
1604881574072000000,47.0
1604881574071000000,37.0
1604881574070000000,47.0
1604881574069000000,46.0
1604881574053000000,56.0
1604881574052000000,26.0
1604881574051000000,6.0
1604881573906000000,26.0
1604881573905000000,36.0
1604881573904000000,56.0
1604881573903000000,6.0
1604881573902000000,6.0
1604881573896000000,6.0
1604881573895000000,6.0
1604881573894000000,36.0
1604881573460000000,26.0
1604881573459000000,46.0
1604881573458000000,36.0
1604881573457000000,46.0
1604881573456000000,6.0
1604881573455000000,16.0
1604881573439000000,16.0
1604881573438000000,56.0
1604881573377000000,46.0
1604881573375000000,6.0
1604881573374000000,6.0
1604881573373000000,56.0
1604881573372000000,16.0
1604881573371000000,46.0
1604881573367000000,6.0
1604881573366000000,26.0
1604881573365000000,6.0
1604881573364000000,36.0
1604881573361000000,36.0
1604881573360000000,36.0
1604881573359000000,46.0
1604881573354000000,6.0
1604881573353000000,46.0
1604881573352000000,6.0
1604881573346000000,36.0
1604881573345000000,36.0
1604881573344000000,6.0
1604881573343000000,56.0
1604881573217000000,6.0
1604881573214000000,16.0
1604881573213000000,15.0
1604881573212000000,46.0
1604881573208000000,46.0
1604881573207000000,16.0
1604881573206000000,45.0
1604881573201000000,16.0
1604881573200000000,5.0
1604881573199000000,5.0
1604881573189000000,45.0
1604881573188000000,15.0
1604881573187000000,55.0
1604881573080000000,15.0
1604881573079000000,25.0
1604881572635000000,15.0
1604881572634000000,35.0
1604881572633000000,55.0
1604881572632000000,15.0
1604881572628000000,25.0
1604881572627000000,45.0
1604881572626000000,5.0
1604881572547000000,55.0
1604881572546000000,35.0
1604881572545000000,15.0
1604881572539000000,45.0
1604881572538000000,15.0
1604881572537000000,15.0
1604881572535000000,15.0
1604881572534000000,25.0
1604881572531000000,35.0
1604881572528000000,45.0
1604881572527000000,25.0
1604881572524000000,35.0
1604881572522000000,15.0
1604881572521000000,55.0
1604881572520000000,5.0
1604881572405000000,15.0
1604881572404000000,5.0
1604881572403000000,45.0
1604881572401000000,34.0
1604881572400000000,45.0
1604881572399000000,25.0
1604881572397000000,5.0
1604881572396000000,45.0
1604881572395000000,5.0
1604881572393000000,35.0
1604881572392000000,25.0
1604881572391000000,34.0
1604881572387000000,5.0
1604881572386000000,14.0
1604881572385000000,45.0
1604881572379000000,34.0
1604881572378000000,34.0
1604881572375000000,5.0
1604881572374000000,14.0
1604881572373000000,45.0
1604881572372000000,4.0
1604881572255000000,35.0
1604881572252000000,44.0
1604881572251000000,54.0
1604881571898000000,5.0
1604881571826000000,14.0
1604881571824000000,34.0
1604881571823000000,54.0
1604881571822000000,44.0
1604881571819000000,4.0
1604881571818000000,24.0
1604881571817000000,34.0
1604881571816000000,4.0
1604881571814000000,34.0
1604881571813000000,54.0
1604881571812000000,24.0
1604881571811000000,54.0
1604881571810000000,14.0
1604881571809000000,54.0
1604881571808000000,14.0
1604881571807000000,24.0
1604881571806000000,34.0
1604881571805000000,4.0
1604881571804000000,4.0
1604881571803000000,34.0
1604881571802000000,24.0
1604881571801000000,24.0
1604881571800000000,54.0
1604881571799000000,54.0
1604881571798000000,14.0
1604881571739000000,34.0
1604881571738000000,4.0
1604881571737000000,14.0
1604881571736000000,24.0
1604881571735000000,24.0
1604881571734000000,34.0
1604881571733000000,34.0
1604881571732000000,44.0
1604881571731000000,14.0
1604881571727000000,54.0
1604881571726000000,44.0
1604881571725000000,4.0
1604881571711000000,24.0
1604881571710000000,54.0
1604881571705000000,54.0
1604881571694000000,54.0
1604881571693000000,24.0
1604881571692000000,4.0
1604881571542000000,54.0
1604881571541000000,4.0
1604881571538000000,34.0
1604881571537000000,24.0
1604881571536000000,24.0
1604881571535000000,14.0
1604881571437000000,4.0
1604881571095000000,54.0
1604881571094000000,24.0
1604881571093000000,44.0
1604881571014000000,3.0
1604881571013000000,44.0
1604881571012000000,14.0
1604881571004000000,44.0
1604881571003000000,23.0
1604881571002000000,43.0
1604881571001000000,24.0
1604881571000000000,13.0
1604881570997000000,24.0
1604881570996000000,54.0
1604881570994000000,43.0
1604881570993000000,13.0
1604881570992000000,43.0
1604881570991000000,33.0
1604881570990000000,33.0
1604881570989000000,13.0
1604881570987000000,33.0
1604881570986000000,53.0
1604881570985000000,33.0
1604881570982000000,43.0
1604881570981000000,23.0
1604881570980000000,43.0
1604881570896000000,23.0
1604881570895000000,43.0
1604881570894000000,33.0
1604881570893000000,23.0
1604881570892000000,53.0
1604881570891000000,53.0
1604881570890000000,53.0
1604881570889000000,23.0
1604881570888000000,3.0
1604881570887000000,13.0
1604881570882000000,23.0
1604881570880000000,3.0
1604881570879000000,43.0
1604881570878000000,53.0
1604881570877000000,43.0
1604881570876000000,23.0
1604881570874000000,23.0
1604881570873000000,53.0
1604881570872000000,53.0
1604881570698000000,53.0
1604881570697000000,13.0
1604881570696000000,33.0
1604881570695000000,13.0
1604881570261000000,43.0
1604881570260000000,3.0
1604881570259000000,53.0
1604881570258000000,23.0
1604881570257000000,2.0
1604881570256000000,13.0
1604881570255000000,12.0
1604881570254000000,43.0
1604881570253000000,13.0
1604881570252000000,12.0
1604881570251000000,22.0
1604881570186000000,3.0
1604881570185000000,52.0
1604881570181000000,43.0
1604881570180000000,33.0
1604881570179000000,12.0
1604881570178000000,52.0
1604881570177000000,42.0
1604881570174000000,13.0
1604881570173000000,32.0
1604881570172000000,12.0
1604881570171000000,2.0
1604881570170000000,52.0
1604881570168000000,42.0
1604881570167000000,42.0
1604881570166000000,2.0
1604881570165000000,42.0
1604881570163000000,12.0
1604881570162000000,32.0
1604881570161000000,12.0
1604881570160000000,52.0
1604881570159000000,2.0
1604881570157000000,12.0
1604881570156000000,22.0
1604881570155000000,42.0
1604881570154000000,42.0
1604881570153000000,32.0
1604881570152000000,2.0
1604881570142000000,42.0
1604881570141000000,2.0
1604881570140000000,12.0
1604881569982000000,12.0
1604881569981000000,12.0
1604881569980000000,32.0
1604881569979000000,22.0
1604881569978000000,32.0
1604881569977000000,42.0
1604881569976000000,12.0
1604881569674000000,32.0
1604881569673000000,42.0
1604881569672000000,2.0
1604881569671000000,32.0
1604881569670000000,42.0
1604881569669000000,12.0
1604881569604000000,32.0
1604881569603000000,52.0
1604881569602000000,42.0
1604881569601000000,22.0
1604881569600000000,12.0
1604881569599000000,2.0
1604881569598000000,42.0
1604881569597000000,32.0
1604881569596000000,22.0
1604881569595000000,22.0
1604881569594000000,12.0
1604881569593000000,32.0
1604881569592000000,22.0
1604881569591000000,32.0
1604881569590000000,12.0
1604881569589000000,12.0
1604881569588000000,2.0
1604881569587000000,12.0
1604881569586000000,22.0
1604881569581000000,52.0
1604881569580000000,42.0
1604881569578000000,22.0
1604881569575000000,22.0
1604881569574000000,2.0
1604881569573000000,12.0
1604881569570000000,52.0
1604881569569000000,22.0
1604881569567000000,22.0
1604881569566000000,12.0
1604881569565000000,2.0
1604881569500000000,52.0
1604881569499000000,21.0
1604881569494000000,1.0
1604881569493000000,52.0
1604881569492000000,31.0
1604881569491000000,51.0
1604881569490000000,1.0
1604881569489000000,22.0
1604881569483000000,31.0
1604881569482000000,22.0
1604881569481000000,52.0
1604881569480000000,22.0
1604881569479000000,42.0
1604881569478000000,12.0
1604881569472000000,2.0
1604881569471000000,42.0
1604881569470000000,51.0
1604881569469000000,1.0
1604881569468000000,21.0
1604881569467000000,42.0
1604881569464000000,31.0
1604881569463000000,21.0
1604881569462000000,42.0
1604881569460000000,31.0
1604881569459000000,21.0
1604881569458000000,41.0
1604881569457000000,1.0
1604881569456000000,22.0
1604881569455000000,21.0
1604881569454000000,11.0
1604881569449000000,2.0
1604881569448000000,21.0
1604881569266000000,31.0
1604881569262000000,1.0
1604881569261000000,31.0
1604881569260000000,11.0
1604881568849000000,21.0
1604881568848000000,41.0
1604881568845000000,31.0
1604881568844000000,21.0
1604881568843000000,1.0
1604881568840000000,1.0
1604881568839000000,41.0
1604881568838000000,11.0
1604881568837000000,21.0
1604881568831000000,31.0
1604881568830000000,1.0
1604881568829000000,51.0
1604881568822000000,1.0
1604881568821000000,31.0
1604881568820000000,41.0
1604881568819000000,31.0
1604881568818000000,41.0
1604881568817000000,31.0
1604881568816000000,1.0
1604881568815000000,11.0
1604881568808000000,1.0
1604881568807000000,51.0
1604881568803000000,31.0
1604881568802000000,41.0
1604881568801000000,31.0
1604881568680000000,1.0
1604881568678000000,1.0
1604881568677000000,41.0
1604881568676000000,31.0
1604881568675000000,1.0
1604881568673000000,31.0
1604881568672000000,41.0
1604881568671000000,31.0
1604881568670000000,41.0
1604881568668000000,1.0
1604881568667000000,51.0
1604881568666000000,51.0
1604881568665000000,41.0
1604881568663000000,31.0
1604881568662000000,21.0
1604881568661000000,11.0
1604881568660000000,51.0
1604881568556000000,1.0
1604881568555000000,51.0
1604881568551000000,11.0
1604881568550000000,31.0
1604881568549000000,51.0
1604881568543000000,41.0
1604881568542000000,31.0
1604881568541000000,41.0
1604881568340000000,11.0
1604881568339000000,1.0
1604881568216000000,31.0
1604881568214000000,51.0
1604881568213000000,1.0
1604881568212000000,21.0
1604881568211000000,11.0
1604881568209000000,21.0
1604881568208000000,51.0
1604881568207000000,1.0
1604881568206000000,1.0
1604881568204000000,51.0
1604881568203000000,41.0
1604881568202000000,1.0
1604881568201000000,41.0
1604881568200000000,11.0
1604881568199000000,31.0
1604881568198000000,1.0
1604881568196000000,51.0
1604881568195000000,1.0
1604881568194000000,1.0
1604881568192000000,21.0
1604881568191000000,41.0
1604881568190000000,31.0
1604881568108000000,51.0
1604881568107000000,1.0
1604881568106000000,20.0
1604881568105000000,50.0
1604881568104000000,41.0
1604881568103000000,1.0
1604881568102000000,20.0
1604881568101000000,21.0
1604881568099000000,20.0
1604881568098000000,10.0
1604881568097000000,40.0
1604881568095000000,10.0
1604881568093000000,50.0
1604881568092000000,50.0
1604881568091000000,30.0
1604881568090000000,50.0
1604881568089000000,20.0
1604881567946000000,20.0
1604881567945000000,0.0
1604881567942000000,30.0
1604881567941000000,0.0
1604881567940000000,40.0
1604881567934000000,0.0
1604881567933000000,30.0
1604881567932000000,10.0
1604881567837000000,30.0
1604881567836000000,0.0
1604881567835000000,0.0
1604881567834000000,10.0
1604881567524000000,0.0
1604881567506000000,0.0
1604881567505000000,50.0
1604881567502000000,30.0
1604881567501000000,20.0
1604881567500000000,0.0
1604881567496000000,0.0
1604881567495000000,30.0
1604881567494000000,40.0
1604881567489000000,30.0
1604881567488000000,0.0
1604881567480000000,0.0
1604881567479000000,0.0
1604881567478000000,50.0
1604881567477000000,40.0
1604881567408000000,30.0
1604881567407000000,0.0
1604881567406000000,10.0
1604881567405000000,0.0
1604881567404000000,40.0
1604881567403000000,20.0
1604881567396000000,30.0
1604881567395000000,20.0
1604881567394000000,40.0
1604881567389000000,0.0
1604881567388000000,10.0
1604881567387000000,10.0
1604881567383000000,30.0
1604881567382000000,0.0
1604881567381000000,20.0
1604881567252000000,0.0
1604881567251000000,40.0
1604881567249000000,20.0
1604881567248000000,0.0
1604881567247000000,20.0
1604881567243000000,50.0
1604881567242000000,10.0
1604881567235000000,20.0
1604881567228000000,30.0
1604881567221000000,50.0
1604881567220000000,40.0
1604881567219000000,40.0
1604881567114000000,20.0
1604881567113000000,10.0
1604881567112000000,0.0
1604881566785000000,50.0
1604881566784000000,10.0
1604881566783000000,20.0
1604881566781000000,30.0
1604881566780000000,10.0
1604881566779000000,0.0
1604881566775000000,40.0
1604881566774000000,20.0
1604881566773000000,9.0
1604881566771000000,39.0
1604881566770000000,19.0
1604881566767000000,9.0
1604881566766000000,29.0
1604881566765000000,20.0
1604881566764000000,59.0
1604881566728000000,49.0
1604881566727000000,39.0
1604881566723000000,39.0
1604881566719000000,9.0
1604881566718000000,39.0
1604881566717000000,39.0
1604881566715000000,39.0
1604881566714000000,19.0
1604881566713000000,39.0
1604881566712000000,39.0
1604881566711000000,29.0
1604881566710000000,19.0
1604881566709000000,9.0
1604881566708000000,29.0
1604881566707000000,49.0
1604881566706000000,29.0
1604881566704000000,49.0
1604881566702000000,19.0
1604881566701000000,19.0
1604881566700000000,59.0
1604881566698000000,9.0
1604881566697000000,49.0
1604881566696000000,49.0
1604881566695000000,49.0
1604881566650000000,39.0
1604881566649000000,49.0
1604881566648000000,9.0
1604881566647000000,29.0
1604881566646000000,49.0
1604881566645000000,59.0
1604881566558000000,9.0
1604881566557000000,19.0
1604881566555000000,59.0
1604881566554000000,19.0
1604881566553000000,39.0
1604881566552000000,49.0
1604881566547000000,29.0
1604881566546000000,29.0
1604881566545000000,29.0
1604881566541000000,59.0
1604881566540000000,19.0
1604881566539000000,9.0
1604881566440000000,29.0
1604881566439000000,19.0
1604881566438000000,9.0
